-3.7708002474593183 -5.03389171399008
-5.327691600402266 -2.249885642686083
-8.082407961080996 -5.913280968449188
7.357029305733381 1.2287129649849113
4.861272202434526 7.034623954526101
4.930679641007776 7.117525218654638
4.357053205748487 2.3952713729859987
5.062932213564903 9.212900804726946
-2.861650868006514 -9.933522883686326
4.092758720230821 2.1426011109946437
-3.7636437739510527 -4.940661529758201
5.216594729442267 1.5750710915228048
7.44127562010538 -4.593089485725848
-6.13940893793891 -9.98250775736249
9.860768530139453 9.198346076745679
-7.592028870888889 3.9722663756370196
-3.29825576851656 -3.2086524137650096
5.143919251126041 -9.180756082696702
-4.844516201986686 -6.584041280125625
-3.903161345599502 -5.486342537763456
0.1450097454819872 4.6678462342934885
7.396212892901694 -1.9626118036566673
-4.302478730974546 2.7994125852147977
3.8337178358061905 -2.4861597305849674
-0.1663792525946466 -4.747785186499767
0.5056368635308033 7.994357509075371
-5.881045762296124 -1.4656760270932434
-5.268963317713422 4.146773733340016
7.402808692440576 0.3314251106200423
0.8815690729016534 0.4243459108952674
-5.227892511001113 -9.349393952104288
-2.67483460281031 -5.234029509659517
7.378147410690367 8.830936296588504
-1.6226939399355267 -2.5237571307426743
6.547340851024671 7.415110587175651
0.9699432873405662 2.656578962348245
-3.533885128248267 -3.838439101888193
5.689569780617404 -6.593735467878606
-6.265956133542694 -0.11337478932384748
-5.097673240618493 3.9849702146383166
-0.7918189448355584 2.361497649875556
6.875451967988063 -7.774094578192061
7.8154726187237245 -4.851152283743132
-5.879219482570588 3.711462400828827
5.389044059419895 5.0491567593807005
-3.3725925089083013 -4.429160169804116
-1.91195686567875 -3.2630342297106534
-3.782963167170868 -7.768196236322089
-0.4103552966460349 -1.7976024715109862
6.946938007675165 8.056393623030292
3.9957196989712056 -4.226538362861514
-1.698148294410359 -7.486959400861208
-1.724421376629504 -7.220189728804389
2.8575751006535377 -7.614784419736944
-2.929889726227941 1.328775116406689
8.165377870898705 2.48939487750075
-5.1884649227622965 0.19966202467609406
-6.202200720634597 -8.527233254980517
5.366904219811717 3.5224421360788494
8.812782427221606 2.4837780780888767
-2.2076145187822576 4.69213545992837
-7.665486579214829 -0.1437366843867096
-1.7107311612587779 7.8803357629319635
0.5157336587395704 2.420562206059964
-6.91845074785607 -4.459518467861909
-3.1623002689504975 -8.347315748366132
-5.311162595427971 4.463639446311237
9.520382593459228 8.595237080964818
4.947257448008472 -4.773284871923922
-0.24311836644320728 -2.6685153580420167
2.1349074293732873 0.28516986890492824
-2.4475365772860025 -5.233422303164971
-3.3126565821970555 4.497474399668334
8.140017130799425 6.567622578442723
0.2424793049339513 8.528681455794029
-8.739862421669397 7.3369461241044505
-3.866817704721135 -9.634325915871724
8.035452049733461 -0.5594592678365515
5.949754808124158 -6.913227849416826
-4.264793363737076 -0.6136475018184626
-3.5765916016410237 8.063572456710485
9.41754854197464 -6.755284706663252
3.635726357078756 -8.066981215401457
1.2533216741869992 -6.67409939193594
7.4380322198550175 -7.037119124628852
-6.723370085387687 -2.8225959159393827
7.968477847041974 7.843965373249507
-2.6261927516863466 -3.0637545389670766
-1.7164212303464268 3.477536904498969
7.5138450929896266 -7.830781425047581
-7.625177858456813 -0.01340837754153057
-6.460263889425604 2.5566825253638132
-3.780115697778186 0.9647725101990989
3.281601092810657 -1.876861647216618
1.021904839427929 -5.1131178519649705
-9.681133874085418 4.1904988583140135
-7.5808403704619405 -2.3599063050660423
8.410169038096814 -4.172396351962111
7.201392091845101 0.29512652211954915
-9.573923744092486 -7.707791943502746
